Mean reward scores per segment:
[-0.93901367 -0.34631348  0.01235352  0.23447342  0.41287842  0.54033203
  0.5859375   0.60014648  0.61289063  0.63168945]

Std dev of reward scores per segment:
[0.32520456 0.28154577 0.26530925 0.32325958 0.25064496 0.25514877
 0.29314533 0.29621583 0.2792517  0.27649965]

All run data:
[[-1.13378906 -0.10418701  0.36938477  0.70068359  0.8125      0.99316406
   1.16796875  1.16503906  1.11523438  1.10839844]
 [-1.40917969 -0.52197266 -0.07006836  0.1685791   0.4152832   0.47094727
   0.44433594  0.29614258  0.29931641  0.28735352]
 [-0.4909668   0.07965088  0.27636719  0.49291992  0.50585938  0.53955078
   0.49145508  0.47265625  0.41503906  0.44873047]
 [-0.6796875  -0.546875   -0.21875    -0.18713379  0.05755615  0.20336914
   0.38061523  0.50146484  0.61279297  0.62792969]
 [-0.98144531 -0.63818359 -0.29516602 -0.00268173  0.27319336  0.49462891
   0.4453125   0.56542969  0.62207031  0.68603516]]
