Mean reward scores per segment:
[-1.34086914 -0.65751953 -0.07105408  0.27067871  0.42392578  0.49677734
  0.51781006  0.51687012  0.49534912  0.45804443]

Std dev of reward scores per segment:
[0.63050467 0.34519759 0.21141262 0.23383903 0.19339702 0.20347327
 0.21618723 0.2136656  0.21291238 0.20350371]

All run data:
[[-0.93017578 -0.63818359 -0.01864624  0.28735352  0.42333984  0.44848633
   0.54833984  0.60791016  0.65869141  0.65380859]
 [-0.4987793  -0.14746094  0.18908691  0.55517578  0.67822266  0.71972656
   0.75927734  0.734375    0.68994141  0.62060547]
 [-1.23242188 -0.57617188 -0.01445007  0.39624023  0.53857422  0.64599609
   0.62548828  0.61523438  0.60644531  0.52685547]
 [-2.31445312 -1.22949219 -0.45776367 -0.14929199  0.09594727  0.13452148
   0.1149292   0.11315918  0.11981201  0.09222412]
 [-1.72851562 -0.69628906 -0.05349731  0.26391602  0.38354492  0.53515625
   0.54101562  0.51367188  0.40185547  0.39672852]]
