Mean reward scores per segment:
[-1.8625     -0.99736328 -0.72915039 -0.38137207 -0.17203674 -0.03699799
 -0.03376465 -0.04539642 -0.04848633 -0.01330566]

Std dev of reward scores per segment:
[0.61085788 0.18395457 0.19799281 0.24613246 0.23067066 0.21473983
 0.22493813 0.33228193 0.3036548  0.31804579]

All run data:
[[-1.02246094 -0.73681641 -0.61181641 -0.25952148 -0.07092285  0.12335205
  -0.01660156 -0.01030731  0.07226562  0.09960938]
 [-1.6953125  -0.93408203 -0.46801758 -0.0982666   0.03671265  0.19396973
   0.26171875  0.3659668   0.32543945  0.38891602]
 [-2.75195312 -1.27929688 -0.74414062 -0.29785156  0.0280304  -0.0134201
  -0.07318115 -0.17468262 -0.2401123  -0.23156738]
 [-1.51269531 -0.92626953 -0.75634766 -0.42358398 -0.28173828 -0.06433105
   0.08111572  0.19262695  0.13464355  0.18432617]
 [-2.33007812 -1.11035156 -1.06542969 -0.82763672 -0.57226562 -0.42456055
  -0.421875   -0.60058594 -0.53466797 -0.5078125 ]]
