Mean reward scores per segment:
[-1.54736328 -1.1125     -0.82998047 -0.59287109 -0.42797852 -0.328125
 -0.19936523 -0.13099042 -0.07096252 -0.01216431]

Std dev of reward scores per segment:
[0.50600923 0.1738549  0.04973801 0.06166232 0.08315073 0.0604379
 0.06010817 0.10433223 0.12382848 0.14796141]

All run data:
[[-8.77441406e-01 -8.32031250e-01 -7.67578125e-01 -6.23046875e-01
  -4.04296875e-01 -3.87451172e-01 -1.61499023e-01 -4.76074219e-02
  -2.29949951e-02  8.10546875e-02]
 [-1.28417969e+00 -9.98046875e-01 -8.84277344e-01 -6.99707031e-01
  -5.70312500e-01 -3.95507812e-01 -1.32934570e-01 -1.05917454e-04
   1.04125977e-01  1.12426758e-01]
 [-2.15625000e+00 -1.25781250e+00 -7.83203125e-01 -5.46875000e-01
  -4.60449219e-01 -3.37402344e-01 -2.60986328e-01 -2.00561523e-01
  -1.47827148e-01 -4.76379395e-02]
 [-1.29785156e+00 -1.29687500e+00 -8.87695312e-01 -5.62011719e-01
  -3.27148438e-01 -2.81005859e-01 -2.81982422e-01 -2.90039062e-01
  -2.60498047e-01 -2.86865234e-01]
 [-2.12109375e+00 -1.17773438e+00 -8.27148438e-01 -5.32714844e-01
  -3.77685547e-01 -2.39257812e-01 -1.59423828e-01 -1.16638184e-01
  -2.76184082e-02  8.02001953e-02]]
