Mean reward scores per segment:
[-1.91279297 -1.09921875 -0.89951172 -0.68300781 -0.5847168  -0.4746582
 -0.38920898 -0.30588379 -0.17129517 -0.12776375]

Std dev of reward scores per segment:
[0.67499457 0.3691151  0.24772725 0.14029788 0.15866286 0.07404997
 0.04653077 0.10718559 0.11436657 0.13388559]

All run data:
[[-2.72851562e+00 -1.71777344e+00 -1.22167969e+00 -7.39746094e-01
  -7.70507812e-01 -5.18554688e-01 -3.65966797e-01 -1.70043945e-01
  -5.48706055e-02  5.39779663e-04]
 [-2.61914062e+00 -1.21484375e+00 -1.04785156e+00 -6.28417969e-01
  -3.63037109e-01 -4.89257812e-01 -4.76318359e-01 -4.97802734e-01
  -3.53759766e-01 -3.39355469e-01]
 [-9.65332031e-01 -7.06054688e-01 -5.21484375e-01 -4.89257812e-01
  -4.92675781e-01 -4.60937500e-01 -3.43505859e-01 -3.10791016e-01
  -2.40234375e-01 -2.00073242e-01]
 [-1.78515625e+00 -1.11914062e+00 -7.23144531e-01 -9.13574219e-01
  -7.61718750e-01 -5.62011719e-01 -3.95019531e-01 -2.87109375e-01
  -1.52221680e-01 -1.24328613e-01]
 [-1.46582031e+00 -7.38281250e-01 -9.83398438e-01 -6.44042969e-01
  -5.35644531e-01 -3.42529297e-01 -3.65234375e-01 -2.63671875e-01
  -5.53894043e-02  2.43988037e-02]]
